      b [arcsec]  I/I0         err(I/I0)
c---------------------------------------
      1.00000      1.00000     0.100000
      2.00000     0.660125    0.0660125
      3.00000     0.346803    0.0346803
      4.00000     0.159451    0.0159451
      5.00000    0.0915095   0.00915095
      6.00000    0.0686926   0.00686926
      7.00000    0.0613578   0.00613579
      8.00000    0.0575469   0.00575469
c      9.00000    0.0644914   0.00644914
c      10.0000    0.0893695   0.00893695
c      11.0000    0.0823399   0.00823399
c      12.0000    0.0634195   0.00634195
c      13.0000    0.0546111   0.00546111
c      14.0000    0.0514608   0.00514608
