c 	1.25		0.31e-3
c	1.65		0.038967268
c	2.17		0.928817641
c	5.8		12.8	
c	10.8		23.7
c       12.307188       24.786823
c       14.500000       29.500175
c       16.500000       30.362783
c       18.437109       33.064823
c       20.500000       40.088414
c       22.500000       47.566845
c       24.500000       53.615042
c       26.500000       58.500301
c       28.457041       62.261623
c       30.500000       64.124987
c       32.500000       65.203333
c       34.500000       66.981429
c       36.656936       72.591616
c       38.500000       79.670025
c       40.292500       85.185696      
      60.0000       188.73829	0.0
      70.0000       194.94383	0.0
      80.0000       197.73985	0.0
      90.0000       212.79160	0.0
      110.000       220.28738	0.0
      120.000       210.16279	0.0
      130.000       203.94243	0.0
      140.000       193.03463	0.0
      150.000       175.25539	0.0
      160.000       167.08856	0.0
      170.000       142.28135	0.0
      180.000       129.88832	0.0
	450		3.97	17.3
	850		0.59	22.9
	1100		0.26	20.0
c	1200		0.154
c	1300		0.100
