c	25		0.25
c       58.062274       7.7366448
      60.0000       9.4592241 0.0
      70.0000       15.038327 0.0
      80.0000       30.601870 0.0
      90.0000       33.455997 0.0
      110.000       51.256806 0.0
      120.000       54.484003 0.0
      130.000       60.029594 0.0
      140.000       63.719767 0.0
      150.000       62.955402 0.0
      160.000       65.049431 0.0
      170.000       63.149624 0.0
      180.000       64.873040 0.0
	450		9.66	17.3
c	750		5.3
	850		1.45	22.9
c	860		1.4
	1100		0.68	20.0
c	1300		0.57
c	3300		0.0258

