c	1.25		0.002100
c	1.65		0.027
c	2.17		0.19405751
c	3.6		1.060
c	4.5		2.2700
c	5.8		4.100
c	6.7		4.09
c	8.0		5.400
c       10.994261       8.5770235
c       12.967163       16.711682
c	14.3		19.1
c       14.626216       22.074801
c       16.877120       30.228337
c       18.632257       38.465915
c      21.213977       57.803290
c      23.043961       70.341479
c       25.140742       81.158139
c       26.776789       88.486319
c       28.860047       95.180718
c       30.515863       101.94093
c       32.674135       103.41753
c       34.640347       111.55174	
      60.0000       247.59441	0.0
      70.0000       289.58674	0.0
      80.0000       315.98923	0.0
      90.0000       350.48118	0.0
      110.000       389.50817	0.0
      120.000       376.87384	0.0
      130.000       370.06988	0.0
      140.000       351.41881	0.0
      150.000       321.75018	0.0
      160.000       304.72545	0.0
      170.000       263.00326	0.0
      180.000       236.26998	0.0
c	350		2.5
   	450		5.37	17.3
	850		0.99	22.9
	1100		0.37	20.0
c	1200		0.357
c	1300		0.100
