c       1.25		7.637e-3
c       1.65		10.73e-3
c       2.20		9.34e-3
c       7.75		6.66e-3
c       25		0.38
c  54.250     5.162
c  62.050     9.142
c  63.184     9.018
  69.300    14.618	0.0
c  72.843    13.922
c  79.160    17.413
c  81.806    19.681
c  84.600    21.538
c  87.190    20.851
  89.990    20.720	0.0
 108.070    34.423	0.0
c 108.760    33.737
c 113.458    34.999
 118.581    35.867	0.0
c 125.354    36.737
 138.528    38.303	0.0
c 145.525    38.597
 157.700    39.567	0.0
c 162.812    39.732
c 169.100    35.697
c 174.626    36.819
 179.527    36.297	0.0
c 185.999    30.677
c       400		13
       450		8.06	17.3
       850		1.09	22.9
       1300		0.37	30.0
