       56.002636       3.9682895
       57.998175       3.5564998
       59.999034       3.9485238
       61.944767       3.9108596
       64.081344       5.0676491
       66.106939       5.3446961
       68.002194       6.0627921
       70.000698       6.8311173
       72.005765       7.6266447
       72.998150       9.2827124
       75.004382       9.7075847
       77.002108       10.813543
       78.998588       12.164067
       81.000729       13.486547
       83.024319       14.351225
       84.999256       16.543627
       87.007004       17.572896
       89.005183       18.888910
       90.998056       19.846986
       92.965083       21.053074
       95.005015       21.849718
       97.011402       22.269478
       103.92226       45.688664
       106.01476       47.585718
       107.79731       49.243214
       109.98677       51.121422
       111.98182       52.591623
       114.12159       54.695583
       115.98758       56.737440
       117.89995       58.594120
       120.02078       60.834310
       121.99828       62.715911
       123.95216       64.514487
       125.98953       66.087044
       128.00247       67.917713
       129.96141       69.511235
       131.99964       71.225929
       133.98240       72.434064
       136.00468       74.339036
       138.10882       76.629451
       139.98144       77.542869
       141.99619       77.330141
       143.91060       78.209588
       145.85704       78.610507
       141.02064       77.486853
       143.00771       77.987650
       144.64212       79.030164
       146.99910       81.261552
       149.00207       81.583924
       151.00895       82.086028
       152.98307       83.866286
       154.99989       86.454907
       156.83660       88.655126
       158.99692       89.505852
       161.01132       90.100420
       163.06814       89.293392
       165.00445       89.063920
       166.98132       87.654907
       168.98555       87.836823
       170.98466       90.230799
       172.83410       92.663610
       175.07735       94.680186
       177.00184       96.551371
       178.88372       94.604646
       181.08783       92.498176
       183.02026       88.014744
       184.85967       84.695463
       187.13215       78.431381
       450		10.8
	800		4.13
	850		2.9
	1100		1.47
	1300		0.92
	1400		1.108
	2000		0.6
	2700		0.143
	3200		0.097
	3400		0.075
c	3500		0.12e-3
