c1.25		52.e-5
c1.65		21.e-4
c2.20		10.e-3
c3.45		45.e-3
c10.1		23.e-2
c  54.250     6.840
c  59.600     9.929
c  62.050     7.834
c  63.184     9.875
  69.300     7.271	0.0
c  72.843     7.688
c  79.160     8.795
c  81.806     9.775
c  84.600    10.077
c  87.190    10.473
  89.990     9.105	0.0
 108.070    15.154	0.0
c 108.760    14.806
c 113.458    14.559
 118.581    15.199	0.0
 138.528    16.043	0.0
c 145.525    16.684
 157.700    16.580	0.0
c 162.812    16.479
c 169.100    15.265
c 174.626    15.765
 179.527    14.511	0.0
c 185.999    13.759
450		1.74	17.3
c800		0.289
850		0.38	22.9
1100		0.116	40.0
c1300		0.30
c2600		0.020
c2720		0.012
