c	1.2		1.e-5
c	1.6		0.00028
c	2.2		0.0017
c	3.6		19.e-3
c	4.5		28.e-3
c	5.8		30.e-3
c	8		29.e-3
c      10.938785     0.041218779
c       10.938785     0.041218779
c       12.835273     0.061357811
c       14.848231     0.097900660
c       16.807145      0.20131759
c       18.742462      0.32918770
c	25		0.78
c  54.250     9.925    10.543
c  62.050    11.897    11.968
c  63.184    11.342    11.688
c  69.300    13.246	0.0
c  72.843    14.096    14.111
c  79.160    17.205    17.254
c  81.806    17.244    17.262
c  84.600    17.903    17.903
c  87.190    19.287    19.287
  89.990    19.241	0.0
 108.070    37.662	0.0
c 108.760    37.954    37.954
c 113.458    38.959    38.959
 118.581    41.463	0.0
 138.528    47.588	0.0
c 145.525    48.800    48.800
 157.700    50.512	0.0
c 162.812    50.168    50.168
c 169.100    44.642    44.642
c 174.626    47.742    47.742
 179.527    42.756	0.0
c 185.999    38.960    38.960
	850		0.607	21.2
	1300		0.209	20.0
