c	12		0.06559
c	25		0.2543
      60.0000       14.648542	0.0
      70.0000       16.025813	0.0
      80.0000       15.128864	0.0
      90.0000       19.097078	0.0
      110.000       24.002392	0.0
      120.000       24.264879	0.0
      130.000       27.226823	0.0
      140.000       29.323232	0.0
      150.000       28.125874	0.0
      160.000       30.438609	0.0
      170.000       29.502308	0.0
      180.000       30.618837	0.0
c	200		38.6
	450		7.63	17.3
	850		1.58	22.9
	1300		0.58	20.0
c	2700		0.04
