c1.235		0.001002048
c1.662		0.01903268
c2.159		0.136876993
c3.6		0.59
c4.5		0.96
c5.8		1.3
c8.0		1.5
c10.786727     0.90197181
c12.		1.187
c12.872381       1.3907103
c14.786955       1.5678677
c16.964071       1.8904990
c18.645232       2.1962883
c21.368380       3.4247227
c22.689111       3.9463398
c24.		3.23
c24.988327       4.7580219
c25.		3.727
c26.741158       5.4092747
c28.803021       6.0672696
c30.648573       6.6165840
c32.869686       7.1524680
c34.844748       7.8544215
      60.0000       14.648542	0.0
      70.0000       16.025813	0.0
      80.0000       15.128864	0.0
      90.0000       19.097078	0.0
      110.000       24.002392	0.0
      120.000       24.264879	0.0
      130.000       27.226823	0.0
      140.000       29.323232	0.0
      150.000       28.125874	0.0
      160.000       30.438609	0.0
      170.000       29.502308	0.0
      180.000       30.618837	0.0
450		9.22	17.3
850		1.22	22.9
1100.		0.459	20.0
c1300.		0.370
