c	24.48		0.921
c  54.250     9.929
c  62.050    15.648
c  63.184    19.556
  69.300    33.580	0.0
c  72.843    37.558
c  79.160    54.192
c  81.806    61.086
c  84.600    68.494
  87.190    78.418	0.0
c  89.990    83.072
 108.070   156.760	0.0
c 108.760   156.296
 118.581   178.291	0.0
 138.528   205.820	0.0
c 145.525   211.016
 157.700   220.099	0.0
c 162.812   216.155
c 169.100   201.431
c 174.626   205.717
 179.527   197.794	0.0
c 185.999   191.334
c	350		61.3
	450		51.68	17.3
c	800		12.9
	850		11.45	22.9
	1100		5.45	40.0
c	1300		4.100
c	2700		0.544
