c	60		9.37
c  62.050     8.843     9.712
  69.300    13.353    0.0
c  72.843    15.407    15.489
c  79.160    24.075    24.189
c  81.806    27.560    27.560
c  84.600    32.402    32.507
c  87.190    34.422    34.640
  89.990    37.443    0.0
 118.581    92.777    0.0
 138.528   109.997    0.0
c 145.525   114.529   114.529
 157.700   120.857    0.0
c 162.812   120.898   120.898
c 169.100   113.379   113.379
c 174.626   118.833   118.833
 179.527   116.282    0.0
c 185.999   103.241   103.241
c       350		36.8
	450		30.6	17.3
	850		5.46	22.9
	1300		1.47	40.0
