c	1.25		21.e-5
c	1.65		39.e-4
c	2.20		34.e-3
c	3.45		12.e-2
c	7.8		0.7
c	8.7		0.5	
c	9.5		0.2
c	10.1		0.61
c	10.3		0.8
c	11.6		0.9	
c	12		1.191
c	20		4.59
c	25		8.62
c  54.250    41.199
c  62.050    38.335
c  63.184    41.004
c  69.300    43.435
c  72.843    40.624
c  79.160    41.664
c  81.806    42.911
c  84.600    42.849
c  87.190    45.244
cor  89.990    41.902	0.0
cor 108.070    55.639	0.0
c 108.760    53.889
c 113.458    52.988
cor 118.581    53.437	0.0
cor 138.528    49.620	0.0
c 145.525    48.318
cor 157.700    45.864	0.0
c 162.812    43.088
c 169.100    38.439
c 174.626    39.556
cor 179.527    35.461	0.0
c 185.999    30.574
c	350		20.6
coriginal	450		5.89	17.3
coriginal	850		0.78	22.9
cor	450	3.53		17.3
cor	850	0.47		22.9
coriginal	1100		0.44	40.0
cor	1100	0.26		40.0
  89.990    25.15	0.0
 108.070    33.39	0.0
 118.581    32.06	0.0
 138.528    29.77	0.0
 157.700    27.51	0.0
 179.527    16.77	0.0
450	3.53		17.3
850	0.46		22.9
1100	0.27		40.0
