c	1.65		0.144e-3
c	2.17		1.07e-3	
c	3.6		4.8e-3
c	4.5		15.5e-3
c	5.8		29.7e-3
c	8.0		65.1e-3
c	24		1.56	
      60.0000       32.592420	0.0
      70.0000       49.110078	0.0
      80.0000       65.678638	0.0
      90.0000       97.006094	0.0
      110.000       114.38835	0.0
      120.000       117.57443	0.0
      130.000       123.73627	0.0
      140.000       128.26083	0.0
      150.000       126.77565	0.0
      160.000       132.73114	0.0
      170.000       119.69061	0.0
      180.000       122.75176	0.0
c	350		58
	450		34.2	17.3
c	750		6.91
	850		5.34	22.9
	1100		0.98	20.0
c	1300		0.74
