c	0.45		0.00064
c	0.55		0.0031
c	0.7		0.0086
c	0.9		0.024
c	1.25		0.096
c	1.6		0.25
c	2.2		0.48
c	3.4		0.51
c	12		1.501
c	25		6.045
c  54.250    34.772
c  62.050    37.330
c  63.184    36.174
  69.300    41.670	0.0
c  72.843    42.678
c  79.160    46.652
c  81.806    46.686
c  84.600    48.509
c  87.190    51.659
  89.990    50.389	0.0
 108.070    69.027	0.0
c 108.760    69.168
c 113.458    69.519
 118.581    70.550	0.0
 138.528    71.077	0.0
c 145.525    69.851
 157.700    69.701	0.0
c 162.812    67.504
c 169.100    61.550
c 174.626    62.765
 179.527    57.530	0.0
	450		4.90	17.3
	850		0.86	22.3
	1300		0.090	20.0
c	2700		8.e-3
c	3400		3.e-3


