c	1.25		0.570e-3
c	1.65		0.660e-3
c	2.17		0.0015
c	3.6		0.001
c	4.5		0.0095
c	12		0.19
c	25		1.27
c  54.250    10.215
c  62.050    11.750
c  63.184    11.530
  69.300    21.219	0.0
c  72.843    19.640
c  79.160    23.967
c  81.806    25.693
c  84.600    26.516
c  87.190    28.125
  89.990    26.645	0.0
 108.070    53.887	0.0
c 108.760    54.476
c 113.458    55.817
 118.581    59.014	0.0
 138.528    65.710	0.0
c 145.525    67.783
c 157.700    70.580
c 162.812    69.485
c 169.100    65.153
c 174.626    68.712
 179.527    63.685	0.0
c 185.999    59.533
	450		15.75	17.3
	850		1.93	22.9
	1300		0.365	21.8
