c	0.44000000   1.0000000e-06  
c      	0.55000000   0.00014000000  
c      	0.64000000   0.00083000000   
c      	0.66500000   0.00078000000  
c      	0.79000000    0.0067000000 
c      	0.91500000     0.017000000   
c      	0.96000000     0.019000000 
c	1.25		0.3	
c	1.65		1.60
c	2.17		5.80
c	3.4       	12.00
c	3.5		12
c	5.0       	21.0
c	5.8		19.00
c	6		21.
c	8		11.0
c	12		39.32
c	25		85.59
c	60   		98.46
c      60.0000       96.983352	0.0
c      70.0000       96.155563	0.0
c      80.0000       86.296047	0.0
50. 10. 0.0
70. 40. 0.0
      90.0000       77.995006	0.0
      110.000       79.828194	0.0
      120.000       73.534939	0.0
      130.000       73.711120	0.0
      140.000       67.167056	0.0
      150.000       63.079015	0.0
      160.000       59.789611	0.0
      170.000       52.418796	0.0
      180.000       49.667578	0.0
	850  		1.5	20.0
c	1200 		1.47
	1300 		0.340	30.0
