c	1.23		1.05e-2
c	1.66		4.21e-2
c	2.22		0.109
c	3.45		0.319
c	4.63		1.56
c	8.4		4.28
c	9.6		1.2
c	10.5		2.3
c	11		3.28
c	12.5		5.91
c	12.8		6.9
c	18		20
c	20		37
c	25		63
c	40		200
c	52		355
c	58		280
      60.0000       409.23823	0.0
      70.0000       465.34679	0.0
      80.0000       454.74547	0.0
      90.0000       494.00674	0.0
      110.000       582.08449	0.0
      120.000       566.18277	0.0
      130.000       562.66856	0.0
      140.000       541.87535	0.0
      150.000       468.72076	0.0
      160.000       454.69948	0.0
      170.000       403.35721	0.0
      180.000       392.03103	0.0
c	350		164
	450		29.32	17.3
	850		5.21	22.9
c	870		6.36
	1100		2.77	20.0
c	1300		3.4
c	2000		0.7
c	2700		0.097
