c       3.6		0.00272
c       4.5		0.00576
c       5.8		0.00778
c       8.0		0.036
c       24		0.109
c  54.250    11.543    11.608
c  62.050    11.442    11.692
c  63.184    14.369    14.369
  69.300    21.348    0.0
c  72.843    20.040    20.040
c  79.160    28.720    28.720
c  81.806    30.594    30.594
c  84.600    33.073    33.073
c  87.190    37.369    37.369
  89.990    39.855    0.0
 108.070    87.961    0.0
c 108.760    87.780    87.780
c 113.458    92.210    92.210
 118.581    97.897    0.0
c 125.354   104.519   104.519
 138.528   117.180   0.0
c 145.525   121.697   121.697
 157.700   128.462   0.0
c 162.812   123.958   123.958
c 169.100   116.693   116.693
c 174.626   120.593   120.593
 179.527   114.970   0.0
c 185.999   103.068   103.068
        450		18.62	17.3
c	800		2.01
	850		2.98	22.9
	1100		1.11	40.0
c	1300		0.92
c	1400		0.651
c	2700		0.090
c	3400		0.043
