c	2.16		0.54e-3
c	3.6		6.94e-3
c	4.5		22.6e-3
c	5.8		29.9e-3
c	8		37.43e-3
c	14.3		54.76e-3
c	24		0.66
c	25		0.7436
c  54.250    12.802
c  62.050    16.795
c  63.184    18.096
  69.300    31.310	0.0
c  72.843    26.505
c  79.160    40.212
c  81.806    41.346
c  84.600    46.464
c  87.190    49.935
  89.990    50.955	0.0
c 108.070    78.487
 108.760    79.438	0.0
c 113.458    93.482
 118.581    97.286	0.0
c 125.354    99.999
 138.528   106.257	0.0
c 145.525    97.858
 157.700   106.926	0.0
c 162.812   102.903
c 169.100    94.949
c 174.626    97.528
 179.527    88.448	0.0
c 185.999    78.745
	450		11.2	17.3
c	750		8.4
	850		1.81	22.9
	1300		0.720	30.0
