c	25		6.91
c  54.250    71.938
c  62.050    84.658
c  62.700    65.524
c  63.184    84.803
  69.300    76.051	0.0
c  72.843   113.176
c  79.160    92.586
c  81.806    98.230
c  84.600   101.615
c  87.190   109.812
  89.990   112.641	0.0
 108.070   205.666	0.0
c 108.760   205.570
c 113.458   162.428
 118.581   165.272	0.0
c 125.354   164.729
 138.528   168.307	0.0
c 145.525   200.691
 157.700   163.482	0.0
c 162.812   157.454
c 169.100   144.959
c 174.626   149.212
 179.527   138.598	0.0
c 185.999   156.310
	450		16.41	17.3
	850		2.27	22.9
	1100		0.64	40.0
