c	1.6		0.00059
c	1.87		0.0018
c	2.05		0.0031
c	12		1.815
c	25		18.87
c  54.250    44.162
c  62.050    36.627
c  63.184    36.667
  69.300    38.381	0.0
c  72.843    35.956
c  79.160    34.967
c  81.806    36.683
c  84.600    35.519
  89.990    34.839	0.0
 108.070    48.815	0.0
c 108.760    48.095
c 113.458    48.398
 118.581    48.849	0.0
 138.528    48.281	0.0
c 145.525    47.228
 157.700    45.963	0.0
c 162.812    42.829
c 169.100    39.165
c 174.626    39.105
 179.527    35.111	0.0
c 185.999    30.742
	450		2.29	17.3
c	800		0.63
	850		0.48	22.9
	1100		0.188	40.0
c	2720		0.018
