c   	0.55		2.42e-5
c	0.63		6.17e-5
c	0.79		0.0001
c	1.10		0.0003
c	1.22		0.0055
c	1.60		0.0095
c	1.63		0.0233
c	1.87		0.0214
c	2.05		0.0416
c	2.19		0.1045
c	3.45		0.4593
c	7.80		2.8
c	8.69		2.10
c	9.50		1.70
c	10.3		2.5
c	10.6		2.5682
c	10.7		2.97
c	11.6		3.40
c	12		3.64
c	12.5		4.9
c	17.9		4.57
c	21.0		10.6303
c	25		16.3030    
c  54.250    42.711
c  62.050    42.879
c  63.184    42.462
  69.300    48.813	0.0
c  72.843    47.972
c  79.160    50.951
c  81.806    51.806
c  84.600    51.676
c  87.190    52.904
  89.990    50.719	0.0
 108.070    62.759	0.0
c 108.760    62.218
c 113.458    61.173
 118.581    60.601	0.0
 138.528    55.490	0.0
c 145.525    53.585
 157.700    52.089	0.0
c 162.812    49.937
c 169.100    45.201
c 174.626    46.141
 179.527    42.129	0.0
c 185.999    38.446
c	350		4.7686
	450		2.15	17.3
c	800		0.582
	850		0.40	22.9
	1100		0.180	40.0
c	1300		0.150
c	3000		0.0096
