c	3.6 		0.0446  
c	4.5 		0.242
c	5.8 		0.560
c	8.0 		0.994
c	20		3.0
c	25		6.31
c	30		15
c  54.250    28.727
c  62.050    34.332
c  63.184    34.980
  69.300    38.574	0.0
c  72.843    39.096
c  79.160    42.445
c  81.806    44.226
c  84.600    46.774
c  87.190    47.934
  89.990    47.679	0.0
 108.070    67.418	0.0
c 108.760    66.869
c 113.458    66.924
 118.581    67.624	0.0
c 125.354    67.756
 138.528    69.934	0.0
c 145.525    70.599
 157.700    73.541	0.0
c 162.812    72.239
c 169.100    68.364
c 174.626    71.744
 179.527    67.449	0.0
	450		32.34	17.3
	850   		1.18	22.9
c	870   		3.70
	1300  		0.75	21.8
